g00
      Mean         RBias       RMSE
1 449.9207 -1.761228e-04 0.01370000
2 449.9260 -1.643659e-04 0.01370795
3 449.9510 -1.089976e-04 0.01573312
4 449.9284 -1.590157e-04 0.01369828
5 449.9680 -7.110574e-05 0.01574636
6 449.9262 -1.640959e-04 0.01370757
7 449.9514 -1.080128e-04 0.01573221
g01
      Mean        RBias      RMSE
1 10.01097 0.0010970935 0.1174170
2 10.01038 0.0010375377 0.1175674
3 10.02377 0.0023765477 0.1343184
4 10.00989 0.0009894755 0.1174583
5 10.02096 0.0020957533 0.1344018
6 10.01035 0.0010350387 0.1175635
7 10.02367 0.0023672316 0.1343099
g10
      Mean        RBias      RMSE
1 29.82435 -0.005854877 0.3216861
2 29.82052 -0.005982713 0.3220606
3 30.33015  0.011005074 0.3437096
4 29.82733 -0.005755630 0.3224614
5 30.29012  0.009670615 0.3460539
6 29.81971 -0.006009582 0.3220653
7 30.32808  0.010935853 0.3436853
g11
      Mean        RBias      RMSE
1 5.053511  0.010702170 0.3813224
2 5.052646  0.010529166 0.3821338
3 4.974143 -0.005171372 0.4022451
4 5.046333  0.009266529 0.3818964
5 4.972608 -0.005478304 0.4021720
6 5.052707  0.010541492 0.3821170
7 4.974451 -0.005109799 0.4021956
sigma2
      Mean        RBias       RMSE
1 2000.851 0.0004254441 0.04620790
2 2005.429 0.0027146562 0.04753993
3 2007.154 0.0035767595 0.05157237
4 2005.612 0.0028061331 0.04700367
5 2007.505 0.0037523603 0.05165149
6 2005.435 0.0027173498 0.04749367
7 2007.164 0.0035820461 0.05155069
tau00
      Mean       RBias      RMSE
1 97.18980 -0.02810203 0.4244265
2 94.23439 -0.05765609 0.4454997
3 93.45184 -0.06548156 0.4937400
4 94.54044 -0.05459562 0.4440430
5 93.61349 -0.06386512 0.4849960
6 94.24051 -0.05759489 0.4449794
7 93.45037 -0.06549628 0.4929122
tau01
      Mean        RBias      RMSE
1 40.79493 -0.184101382 0.9444191
2 50.33555  0.006711000 1.0912162
3 49.88453 -0.002309330 1.1481688
4 49.16031 -0.016793807 1.0587194
5 48.37651 -0.032469791 1.1567129
6 50.31600  0.006320032 1.0873303
7 49.87094 -0.002581272 1.1448730
tau11
       Mean        RBias      RMSE
1 113.95846  0.139584614 0.8783628
2  99.08321 -0.009167933 0.9822886
3  98.40542 -0.015945796 1.0471987
4  97.33216 -0.026678377 0.9376002
5  96.86731 -0.031326862 0.9921069
6  98.96479 -0.010352095 0.9775688
7  98.24361 -0.017563907 1.0423394
