g00
      Mean         RBias       RMSE
1 449.8264 -3.857370e-04 0.01762006
2 450.0140  3.117411e-05 0.02014000
3 449.8339 -3.692090e-04 0.01955881
4 449.8267 -3.851630e-04 0.01761724
5 449.8727 -2.829916e-04 0.01968222
6 449.8268 -3.849329e-04 0.01762197
7 449.8731 -2.818957e-04 0.01966472
g01
       Mean         RBias      RMSE
1 10.019878  0.0019878298 0.1585322
2  9.949949 -0.0050050503 0.2222807
3 10.016264  0.0016263788 0.1776402
4 10.019718  0.0019717560 0.1585024
5 10.013115  0.0013115390 0.1778474
6 10.017127  0.0017127315 0.1585365
7 10.008369  0.0008368804 0.1773609
g10
      Mean       RBias      RMSE
1 29.68447 -0.01051771 0.3038981
2 27.83055 -0.07231514 1.3662502
3 29.62780 -0.01240678 0.3719829
4 29.69552 -0.01014921 0.3039325
5 29.57039 -0.01432034 0.3300275
6 29.56156 -0.01461468 0.3051097
7 29.26839 -0.02438713 0.3380012
g11
      Mean      RBias      RMSE
1 5.091363 0.01827252 0.3681125
2 5.623350 0.12466994 2.4408094
3 5.085117 0.01702345 0.4446544
4 5.091618 0.01832351 0.3681916
5 5.107933 0.02158651 0.4045979
6 5.092918 0.01858367 0.3682384
7 5.135261 0.02705217 0.4150899
sigma2
      Mean         RBias       RMSE
1 1997.849 -0.0010752637 0.05761622
2 1989.342 -0.0053291528 0.08000038
3 1995.252 -0.0023738104 0.09099696
4 1997.504 -0.0012480353 0.05754410
5 2000.219  0.0001093297 0.06317648
6 1989.482 -0.0052589002 0.07896631
7 1995.339 -0.0023307321 0.08986179
tau00
      Mean      RBias      RMSE
1 830.8060 0.03850748 0.4799637
2 842.9179 0.05364737 0.5275640
3 842.9383 0.05367293 0.5683587
4 831.9685 0.03996060 0.4829231
5 836.3099 0.04538733 0.5581117
6 842.8178 0.05352227 0.5267999
7 842.8666 0.05358323 0.5676539
tau01
      Mean      RBias      RMSE
1 424.9669 0.06241713 0.6831071
2 428.3803 0.07095066 0.9166676
3 430.4656 0.07616409 0.9751721
4 422.3473 0.05586831 0.6962990
5 426.9728 0.06743199 0.8145151
6 428.4487 0.07112179 0.9107132
7 430.5510 0.07637761 0.9688134
tau11
      Mean      RBias      RMSE
1 826.0226 0.03252820 0.5269562
2 839.6461 0.04955768 0.8454884
3 829.2658 0.03658222 0.8508343
4 826.0007 0.03250088 0.5336276
5 822.5964 0.02824550 0.5899864
6 839.3070 0.04913379 0.8362131
7 828.9809 0.03622614 0.8421246
