g00
      Mean         RBias       RMSE
1 450.0339  7.525814e-05 0.02671103
2 450.2561  5.691948e-04 0.03151255
3 450.5145  1.143317e-03 0.04123883
4 450.0335  7.441782e-05 0.02670790
5 449.9966 -7.464109e-06 0.03089604
6 449.6768 -7.183055e-04 0.02879665
7 449.8742 -2.794913e-04 0.03313016
g01
       Mean         RBias      RMSE
1  9.997066 -2.934255e-04 0.2443530
2  9.943479 -5.652077e-03 0.2777524
3  9.958503 -4.149738e-03 0.3273228
4  9.997135 -2.864773e-04 0.2443173
5 10.042677  4.267717e-03 0.2786501
6 10.000032  3.242456e-06 0.2621315
7 10.070138  7.013782e-03 0.3162492
g10
      Mean        RBias      RMSE
1 29.48274 -0.017242114 0.4604677
2 30.07648  0.002549498 1.3601424
3 32.57129  0.085709680 3.0425070
4 29.50967 -0.016344406 0.4609042
5 29.24327 -0.025224413 0.5311341
6 33.56386  0.118795213 3.5214906
7 29.60358 -0.013213872 0.8329909
g11
      Mean        RBias      RMSE
1 5.108862  0.021772352 0.5572934
2 5.088505  0.017700939 1.2944815
3 4.765813 -0.046837409 2.2524162
4 5.104735  0.020946931 0.5574640
5 5.146712  0.029342474 0.6414932
6 4.405731 -0.118853704 3.6796408
7 4.972435 -0.005513018 1.0107481
sigma2
      Mean         RBias       RMSE
1 2000.688  0.0003441711 0.05990944
2 2002.146  0.0010727950 0.13288547
3 1999.180 -0.0004101132 0.14443241
4 2000.943  0.0004713326 0.06039738
5 2001.729  0.0008646455 0.06699329
6 2001.981  0.0009904578 0.13093403
7 1999.069 -0.0004655692 0.14236229
tau00
      Mean       RBias      RMSE
1 2019.907 0.009953682 0.4301561
2 2019.624 0.009812224 0.4786502
3 2027.910 0.013955133 0.5386010
4 2021.628 0.010813857 0.4361019
5 2035.099 0.017549328 0.5169098
6 2019.728 0.009864046 0.4781278
7 2028.055 0.014027700 0.5381655
tau01
      Mean       RBias      RMSE
1 988.3755 -0.01162452 0.5691667
2 986.6411 -0.01335893 0.6991585
3 981.4233 -0.01857674 0.8133869
4 988.3225 -0.01167751 0.5876792
5 987.6563 -0.01234369 0.6986125
6 986.7940 -0.01320595 0.6961706
7 981.5269 -0.01847310 0.8096982
tau11
      Mean        RBias      RMSE
1 1979.241 -0.010379613 0.4193624
2 1978.970 -0.010514850 0.6413511
3 2017.930  0.008964946 0.7362359
4 1973.469 -0.013265412 0.4432795
5 1979.293 -0.010353482 0.5034641
6 1979.017 -0.010491325 0.6364362
7 2017.578  0.008789096 0.7308557
