g00
      Mean         RBias       RMSE
1 449.8458 -0.0003427261 0.04101512
2 449.8481 -0.0003375473 0.04101872
3 449.5227 -0.0010606052 0.04402379
4 449.8446 -0.0003452874 0.04101113
5 449.5274 -0.0010502586 0.04402373
6 449.8477 -0.0003384199 0.04101823
7 449.5231 -0.0010596837 0.04402247
g01
      Mean       RBias      RMSE
1 10.01679 0.001679417 0.3696694
2 10.01644 0.001644039 0.3697460
3 10.06238 0.006237807 0.3969061
4 10.01693 0.001693065 0.3696533
5 10.06182 0.006181842 0.3968904
6 10.01655 0.001655139 0.3697393
7 10.06234 0.006233774 0.3968954
g10
      Mean       RBias      RMSE
1 28.74970 -0.04167650 0.7309312
2 28.74414 -0.04186195 0.7305581
3 29.24063 -0.02531245 0.8051528
4 28.74548 -0.04181744 0.7306164
5 29.21328 -0.02622397 0.8068550
6 28.74607 -0.04179760 0.7305335
7 29.23991 -0.02533632 0.8051803
g11
      Mean      RBias      RMSE
1 5.241266 0.04825326 0.8612098
2 5.237101 0.04742010 0.8606864
3 5.122910 0.02458192 0.9469634
4 5.242546 0.04850914 0.8606800
5 5.136835 0.02736709 0.9482629
6 5.236839 0.04736771 0.8606742
7 5.123293 0.02465860 0.9469714
sigma2
      Mean        RBias       RMSE
1 1992.513 -0.003743295 0.04299194
2 1991.452 -0.004273795 0.08668144
3 1995.149 -0.002425657 0.09262321
4 1992.026 -0.003987117 0.04348769
5 1991.604 -0.004198119 0.04842943
6 1991.400 -0.004300019 0.08532682
7 1995.012 -0.002494199 0.09119779
tau00
      Mean       RBias      RMSE
1 1968.909 -0.01554527 0.2400593
2 1965.347 -0.01732630 0.2633787
3 1962.812 -0.01859425 0.2783611
4 1969.448 -0.01527595 0.2410900
5 1971.130 -0.01443514 0.2604899
6 1965.437 -0.01728151 0.2629749
7 1962.937 -0.01853136 0.2779659
tau01
      Mean       RBias      RMSE
1 957.9824 -0.04201762 0.4159439
2 970.3964 -0.02960362 0.5276243
3 965.8083 -0.03419169 0.5571017
4 952.9744 -0.04702564 0.4209746
5 949.4875 -0.05051255 0.4652554
6 970.3611 -0.02963888 0.5253680
7 965.8009 -0.03419907 0.5549194
tau11
      Mean         RBias      RMSE
1 2000.239  0.0001194753 0.3182384
2 2013.815  0.0069077146 0.4667820
3 2008.345  0.0041726172 0.4821364
4 1998.839 -0.0005805152 0.3260764
5 2005.362  0.0026812247 0.3639101
6 2013.700  0.0068498143 0.4632126
7 2008.473  0.0042365415 0.4788741
