g00
      Mean         RBias       RMSE
1 449.5607 -0.0009763313 0.01655275
2 449.5076 -0.0010942060 0.01693680
3 449.3890 -0.0013577184 0.01791206
4 449.5592 -0.0009795223 0.01652054
5 449.4316 -0.0012631492 0.01793578
6 449.6193 -0.0008461108 0.01664277
7 449.3903 -0.0013548028 0.01791310
g01
      Mean      RBias      RMSE
1 10.11734 0.01173362 0.1463741
2 10.10662 0.01066176 0.1484273
3 10.13910 0.01390963 0.1597651
4 10.11295 0.01129507 0.1468805
5 10.13397 0.01339727 0.1600643
6 10.10398 0.01039759 0.1491601
7 10.13874 0.01387383 0.1596932
g10
      Mean      RBias      RMSE
1 30.59434 0.01981134 0.4470374
2 31.75161 0.05838702 0.8918274
3 30.96653 0.03221770 0.4700371
4 30.66181 0.02206047 0.4521774
5 31.23141 0.04104688 0.4889517
6 30.74476 0.02482519 0.6895492
7 31.02346 0.03411540 0.4689274
g11
      Mean         RBias      RMSE
1 4.969944 -0.0060111385 0.5392996
2 4.730296 -0.0539408565 1.2140707
3 4.904814 -0.0190372968 0.5781954
4 4.970487 -0.0059025265 0.5412880
5 4.855155 -0.0289689301 0.5955641
6 4.997753 -0.0004493396 0.7996992
7 4.895037 -0.0209926791 0.5752725
sigma2
      Mean        RBias       RMSE
1 1996.607 -0.001696297 0.06019540
2 2004.224  0.002111997 0.06096147
3 2005.248  0.002624145 0.06682309
4 2004.382  0.002191003 0.06054682
5 2005.546  0.002773236 0.06645574
6 2004.231  0.002115257 0.06092475
7 2005.257  0.002628726 0.06679136
tau00
      Mean      RBias      RMSE
1 105.6878 0.05687817 0.5759735
2 101.2356 0.01235648 0.6061712
3 101.7762 0.01776235 0.6692151
4 101.5560 0.01555961 0.5923997
5 102.0740 0.02074047 0.6554993
6 101.2377 0.01237704 0.6051302
7 101.7761 0.01776072 0.6681385
tau01
      Mean       RBias     RMSE
1 33.93907 -0.32121850 1.427231
2 49.05452 -0.01890953 1.609543
3 48.40615 -0.03187701 1.728695
4 48.10261 -0.03794775 1.574484
5 47.98742 -0.04025165 1.746990
6 49.03452 -0.01930954 1.604537
7 48.39216 -0.03215683 1.724333
tau11
      Mean     RBias     RMSE
1 144.5982 0.4459815 1.498572
2 122.0788 0.2207877 1.487702
3 128.4246 0.2842462 1.576039
4 121.3646 0.2136464 1.450806
5 127.6644 0.2766444 1.671815
6 121.8979 0.2189786 1.481988
7 128.2642 0.2826421 1.573115
