g00
      Mean        RBias       RMSE
1 451.1129 0.0024731063 0.03644627
2 450.0511 0.0001135126 0.04712201
3 450.2866 0.0006368325 0.07626735
4 451.1017 0.0024481378 0.03647719
5 451.4965 0.0033255861 0.03958787
6 461.9959 0.0266576382 0.56733119
7 450.5209 0.0011574822 0.04809055
g01
      Mean       RBias      RMSE
1 9.768821 -0.02311792 0.3297222
2 9.871468 -0.01285318 0.3585861
3 9.954424 -0.00455759 0.6671336
4 9.770715 -0.02292854 0.3299459
5 9.695652 -0.03043482 0.3550401
6 7.050201 -0.29497995 6.2527082
7 9.841767 -0.01582333 0.3962342
g10
       Mean       RBias        RMSE
1  28.77865 -0.04071171   0.6466156
2  37.55893  0.25196427   4.8523978
3  33.19099  0.10636637   2.8797715
4  28.96714 -0.03442860   0.6462853
5  29.13490 -0.02883654   0.6739269
6 219.88941  6.32964697 141.9712309
7  34.48327  0.14944231   3.1972508
g11
        Mean        RBias        RMSE
1   5.166627   0.03332539   0.7935623
2   3.238216  -0.35235680   6.9694155
3   3.581565  -0.28368691   5.9329274
4   5.143138   0.02862762   0.7953438
5   5.138528   0.02770563   0.8358063
6 -74.774663 -15.95493262 356.5919986
7   3.800207  -0.23995868   4.4956307
sigma2
      Mean        RBias      RMSE
1 1988.793 -0.005603401 0.1160742
2 1990.061 -0.004969344 0.1389746
3 1991.951 -0.004024379 0.1455310
4 1990.138 -0.004930899 0.1158291
5 1991.412 -0.004293942 0.1233043
6 1989.934 -0.005032964 0.1380289
7 1991.803 -0.004098518 0.1445708
tau00
      Mean       RBias      RMSE
1 779.8794 -0.02515079 0.8797399
2 781.1948 -0.02350649 0.9338642
3 782.2705 -0.02216191 0.9628296
4 779.3011 -0.02587368 0.8794313
5 781.1500 -0.02356254 0.9210543
6 781.1981 -0.02350242 0.9331158
7 782.2955 -0.02213067 0.9621066
tau01
      Mean         RBias     RMSE
1 381.9674 -0.0450814797 1.171992
2 400.3548  0.0008869204 1.702400
3 408.5360  0.0213400484 1.815618
4 387.4295 -0.0314263660 1.200372
5 394.6722 -0.0133195379 1.318155
6 400.3343  0.0008357372 1.693697
7 408.5036  0.0212589376 1.806954
tau11
      Mean       RBias      RMSE
1 772.1634 -0.03479575 0.9525725
2 748.0378 -0.06495276 1.2503045
3 748.7474 -0.06406570 1.2714099
4 766.1891 -0.04226362 0.9673072
5 769.8884 -0.03763951 0.9853665
6 748.3725 -0.06453441 1.2434534
7 749.1235 -0.06359568 1.2647364
