g00
      Mean        RBias       RMSE
1 447.8696 -0.004734202 0.05818696
2 447.1109 -0.006420115 0.06337801
3 442.2426 -0.017238586 0.28098885
4 447.8733 -0.004725925 0.05817604
5 448.1246 -0.004167583 0.06565083
6 445.5232 -0.009948418 0.13161881
7 448.6074 -0.003094672 0.06798339
g01
      Mean      RBias      RMSE
1 10.38900 0.03890012 0.5435397
2 10.47383 0.04738260 0.5650103
3 11.07507 0.10750731 1.4551985
4 10.38830 0.03883016 0.5434588
5 10.36634 0.03663394 0.5993439
6 11.01822 0.10182237 1.5356669
7 10.24639 0.02463868 0.6457948
g10
      Mean       RBias      RMSE
1 26.58139 -0.11395358 0.8137129
2 25.24635 -0.15845499 1.3636631
3 32.97980  0.09932657 5.2862269
4 26.57184 -0.11427195 0.8124350
5 27.08272 -0.09724276 0.8980464
6 31.06511  0.03550380 3.6568009
7 25.28831 -0.15705637 1.1446719
g11
      Mean       RBias     RMSE
1 5.732663  0.14653252 1.042291
2 6.024516  0.20490314 2.070678
3 4.750341 -0.04993183 4.472946
4 5.736849  0.14736977 1.040863
5 5.593442  0.11868833 1.114587
6 4.376563 -0.12468741 5.788973
7 5.904260  0.18085198 1.682323
sigma2
      Mean         RBias      RMSE
1 1997.795 -0.0011023579 0.1234125
2 1994.662 -0.0026688846 0.2328675
3 1988.983 -0.0055085908 0.2467824
4 1996.349 -0.0018256568 0.1239477
5 1998.759 -0.0006206683 0.1313429
6 1994.395 -0.0028027063 0.2306189
7 1988.845 -0.0055776449 0.2443591
tau00
      Mean         RBias      RMSE
1 1989.975 -0.0050126755 0.8449940
2 2001.573  0.0007863939 0.8945866
3 2060.122  0.0300610154 1.0100409
4 1990.859 -0.0045703012 0.8427791
5 2042.936  0.0214677789 0.9550812
6 2001.627  0.0008136556 0.8940521
7 2060.147  0.0300732740 1.0094953
tau01
       Mean        RBias     RMSE
1  931.8803 -0.068119712 1.048281
2  975.2479 -0.024752084 1.389645
3 1007.7402  0.007740193 1.535253
4  918.4575 -0.081542498 1.079884
5  924.7715 -0.075228462 1.151381
6  975.1405 -0.024859538 1.385445
7 1007.4330  0.007432956 1.530542
tau11
      Mean       RBias      RMSE
1 1965.874 -0.01706306 0.8188434
2 1943.067 -0.02846675 1.1834429
3 1931.544 -0.03422796 1.2264603
4 1974.015 -0.01299273 0.8803658
5 1936.693 -0.03165337 0.8393970
6 1944.281 -0.02785938 1.1791391
7 1932.476 -0.03376180 1.2210899
