g00
      Mean        RBias       RMSE
1 448.7976 -0.002671937 0.04103062
2 448.9376 -0.002360944 0.04566509
3 449.2873 -0.001583878 0.05341725
4 448.7979 -0.002671293 0.04102123
5 448.7534 -0.002770116 0.04562027
6 448.8607 -0.002531732 0.04139455
7 448.5453 -0.003232636 0.04650739
g01
      Mean       RBias      RMSE
1 10.24108 0.024108407 0.3663433
2 10.20877 0.020877123 0.3931411
3 10.09543 0.009542508 0.5063411
4 10.24093 0.024093142 0.3662379
5 10.23712 0.023711831 0.4026168
6 10.22717 0.022717263 0.3663918
7 10.27227 0.027226773 0.4097424
g10
      Mean       RBias      RMSE
1 28.61208 -0.04626401 0.6623457
2 26.55474 -0.11484206 0.9463560
3 31.14178  0.03805925 1.6074471
4 28.62817 -0.04572765 0.6616973
5 28.76873 -0.04104233 0.7538135
6 27.45283 -0.08490578 0.8723164
7 29.52793 -0.01573581 1.1625948
g11
      Mean       RBias      RMSE
1 5.151680  0.03033595 0.7856813
2 5.354542  0.07090844 1.0115378
3 4.563405 -0.08731895 2.2279494
4 5.151057  0.03021135 0.7855725
5 5.181034  0.03620686 0.9107475
6 5.336064  0.06721278 0.9341284
7 5.061843  0.01236857 1.5115630
sigma2
      Mean         RBias       RMSE
1 2009.008  0.0045038019 0.08546380
2 1998.932 -0.0005337874 0.16943308
3 1998.937 -0.0005316579 0.18569989
4 2007.891  0.0039457009 0.08559789
5 2006.666  0.0033329576 0.09271556
6 1998.897 -0.0005514982 0.16741576
7 1998.882 -0.0005587650 0.18352947
tau00
      Mean       RBias      RMSE
1 1932.005 -0.03399730 0.6001053
2 1952.211 -0.02389471 0.6387930
3 1960.925 -0.01953735 0.7006112
4 1934.263 -0.03286836 0.6017878
5 1935.494 -0.03225279 0.6610250
6 1952.145 -0.02392766 0.6382568
7 1960.784 -0.01960795 0.7000156
tau01
      Mean        RBias      RMSE
1 964.4715 -0.035528459 0.8183190
2 980.2034 -0.019796573 1.0762050
3 998.5148 -0.001485240 1.1596425
4 953.1356 -0.046864392 0.8341177
5 979.1662 -0.020833796 0.9104489
6 980.1738 -0.019826181 1.0723602
7 998.5501 -0.001449907 1.1555368
tau11
      Mean       RBias      RMSE
1 1921.306 -0.03934722 0.6213482
2 1902.369 -0.04881528 0.8764564
3 1922.008 -0.03899619 0.9425108
4 1917.738 -0.04113091 0.6188504
5 1968.045 -0.01597771 0.7098382
6 1902.889 -0.04855546 0.8719997
7 1922.795 -0.03860265 0.9383003
