g00
      Mean         RBias       RMSE
1 450.0453  1.006367e-04 0.01711685
2 450.0571  1.268429e-04 0.01713371
3 449.9349 -1.445953e-04 0.01820641
4 450.1292  2.871587e-04 0.01731542
5 449.9626 -8.313906e-05 0.01828925
6 450.0576  1.280820e-04 0.01713713
7 449.8731 -2.819616e-04 0.01814153
g01
       Mean         RBias      RMSE
1  9.990239 -0.0009760864 0.1509767
2  9.986271 -0.0013728958 0.1510597
3 10.025673  0.0025673367 0.1625370
4  9.965068 -0.0034931670 0.1555257
5 10.022947  0.0022947302 0.1633063
6  9.986218 -0.0013781518 0.1510725
7 10.033926  0.0033925754 0.1621203
g10
      Mean       RBias      RMSE
1 30.70615  0.02353845 0.4278653
2 30.50264  0.01675463 0.4319347
3 31.38847  0.04628217 0.6717000
4 29.12321 -0.02922645 1.0577861
5 31.21497  0.04049885 0.6975699
6 30.51708  0.01723598 0.4313693
7 30.40992  0.01366412 0.5234205
g11
      Mean       RBias      RMSE
1 4.902036 -0.01959285 0.5175286
2 4.915244 -0.01695111 0.5200479
3 4.701529 -0.05969426 0.9167745
4 5.776011  0.15520222 3.4717583
5 4.850549 -0.02989010 0.7353649
6 4.913745 -0.01725102 0.5198441
7 4.913259 -0.01734825 0.6749859
sigma2
      Mean        RBias      RMSE
1 1981.233 -0.009383555 0.1144062
2 1989.807 -0.005096326 0.1156118
3 1994.328 -0.002835760 0.1285389
4 1989.655 -0.005172580 0.1149945
5 1993.137 -0.003431311 0.1274981
6 1989.800 -0.005100021 0.1155678
7 1994.278 -0.002861009 0.1284790
tau00
      Mean      RBias      RMSE
1 106.8484 0.06848396 0.9369974
2 102.8151 0.02815141 1.0008106
3 104.0732 0.04073196 1.0420352
4 104.0051 0.04005122 0.9507218
5 106.5322 0.06532235 1.0739457
6 102.8250 0.02825020 0.9985530
7 104.0998 0.04099769 1.0400500
tau01
      Mean         RBias     RMSE
1 35.38166 -0.2923668799 1.756197
2 50.01538  0.0003075032 2.022095
3 52.64541  0.0529081175 2.239105
4 50.61249  0.0122498017 1.885435
5 55.17090  0.1034179476 2.207548
6 50.01416  0.0002831209 2.010564
7 52.68884  0.0537768438 2.230101
tau11
      Mean     RBias     RMSE
1 164.3842 0.6438419 1.974475
2 141.6864 0.4168644 2.108232
3 141.1127 0.4111274 2.129673
4 139.9939 0.3999391 1.875717
5 141.7001 0.4170007 1.986467
6 141.4715 0.4147153 2.099392
7 140.9788 0.4097881 2.122518
