g00
      Mean         RBias       RMSE
1 449.6388 -8.025748e-04 0.02650370
2 447.4954 -5.565778e-03 0.09484936
3 449.9994 -1.393752e-06 0.02924389
4 449.6381 -8.042682e-04 0.02649366
5 449.8320 -3.732739e-04 0.02863057
6 449.8907 -2.428297e-04 0.02827118
7 449.7863 -4.748644e-04 0.02858360
g01
       Mean         RBias      RMSE
1 10.054924  0.0054923567 0.2412941
2 10.436842  0.0436842414 0.7911860
3  9.968980 -0.0031019638 0.2645323
4 10.055129  0.0055128611 0.2412314
5 10.001310  0.0001309747 0.2592898
6  9.997396 -0.0002603807 0.2534798
7 10.005299  0.0005299206 0.2586005
g10
      Mean         RBias       RMSE
1 30.01492  0.0004974375  0.4945012
2 47.68438  0.5894792019 12.3607654
3 29.18181 -0.0272731427  0.6542427
4 30.02510  0.0008366175  0.4950673
5 29.82174 -0.0059420920  0.5316173
6 28.43960 -0.0520133077  0.8579231
7 29.59602 -0.0134660275  0.5499194
g11
      Mean       RBias       RMSE
1 4.892985 -0.02140299  0.5899583
2 1.560105 -0.68797905 13.8011420
3 4.941572 -0.01168559  0.7359674
4 4.897914 -0.02041715  0.5906341
5 4.943015 -0.01139691  0.6333513
6 5.174816  0.03496316  0.9982224
7 4.926135 -0.01477296  0.6564570
sigma2
      Mean        RBias       RMSE
1 2007.124 0.0035618137 0.09292597
2 2001.054 0.0005268017 0.11955615
3 2003.446 0.0017229745 0.12343002
4 2007.773 0.0038867018 0.09302015
5 2009.864 0.0049319279 0.09987172
6 2001.094 0.0005471641 0.11831014
7 2003.433 0.0017162824 0.12226013
tau00
      Mean       RBias      RMSE
1 784.1838 -0.01977029 0.6354682
2 785.7276 -0.01784055 0.6724523
3 784.2476 -0.01969047 0.7568409
4 784.9622 -0.01879723 0.6351527
5 780.3238 -0.02459525 0.6954823
6 785.7611 -0.01779865 0.6714299
7 784.2778 -0.01965280 0.7556022
tau01
      Mean       RBias      RMSE
1 380.5920 -0.04851991 0.8791300
2 392.7662 -0.01808449 1.2178314
3 394.2563 -0.01435935 1.2623123
4 383.8875 -0.04028123 0.8827316
5 379.6812 -0.05079703 0.9176252
6 392.7996 -0.01800108 1.2102953
7 394.2535 -0.01436624 1.2544695
tau11
      Mean         RBias      RMSE
1 803.3406  0.0041756910 0.7192792
2 838.1862  0.0477327669 1.0525876
3 824.0907  0.0301133176 0.9911528
4 799.3671 -0.0007911379 0.7394577
5 796.6633 -0.0041709259 0.7610687
6 837.7107  0.0471383253 1.0435777
7 823.9004  0.0298755554 0.9844076
