g00
      Mean         RBias       RMSE
1 449.6082 -0.0008706905 0.02588698
2 449.6064 -0.0008745620 0.02588928
3 449.8660 -0.0002978262 0.02887600
4 449.6078 -0.0008716261 0.02588875
5 449.8698 -0.0002892708 0.02888302
6 449.6065 -0.0008744714 0.02588916
7 449.8661 -0.0002976359 0.02887594
g01
      Mean       RBias      RMSE
1 10.11406 0.011406429 0.2331301
2 10.11431 0.011431184 0.2331841
3 10.09107 0.009107419 0.2603644
4 10.11413 0.011413399 0.2331369
5 10.09083 0.009082583 0.2603669
6 10.11431 0.011430519 0.2331825
7 10.09106 0.009106239 0.2603631
g10
      Mean        RBias      RMSE
1 29.89423 -0.003525501 0.4323162
2 29.90600 -0.003133232 0.4325295
3 30.10873  0.003624222 0.4710775
4 29.89780 -0.003406577 0.4323231
5 30.09164  0.003054742 0.4706450
6 29.90602 -0.003132632 0.4325217
7 30.10855  0.003618314 0.4710632
g11
      Mean      RBias      RMSE
1 5.103779 0.02075590 0.5326303
2 5.102323 0.02046457 0.5330158
3 5.070629 0.01412587 0.5794716
4 5.102976 0.02059511 0.5325449
5 5.072601 0.01452024 0.5793826
6 5.102311 0.02046224 0.5330011
7 5.070650 0.01413004 0.5794584
sigma2
      Mean         RBias       RMSE
1 1998.931 -0.0005342801 0.03016481
2 2005.829  0.0029146381 0.05368682
3 2005.399  0.0026995847 0.06155612
4 1998.778 -0.0006109950 0.03063471
5 1999.099 -0.0004504142 0.03365900
6 2005.638  0.0028191531 0.05280203
7 2005.230  0.0026150110 0.06054510
tau00
      Mean       RBias      RMSE
1 1971.108 -0.01444582 0.1683040
2 1968.910 -0.01554497 0.1776342
3 1964.259 -0.01787072 0.1928354
4 1971.801 -0.01409943 0.1683323
5 1966.383 -0.01680835 0.1864232
6 1968.949 -0.01552542 0.1774136
7 1964.286 -0.01785716 0.1925966
tau01
      Mean       RBias      RMSE
1 984.1584 -0.01584162 0.2674711
2 970.7549 -0.02924515 0.3293098
3 961.9828 -0.03801718 0.3586753
4 983.9094 -0.01609059 0.2704114
5 971.5427 -0.02845732 0.2985531
6 970.9247 -0.02907534 0.3278536
7 962.1410 -0.03785904 0.3571354
tau11
      Mean        RBias      RMSE
1 1991.213 -0.004393518 0.1948280
2 1964.346 -0.017827188 0.2922478
3 1955.479 -0.022260396 0.3171469
4 1992.041 -0.003979328 0.1987952
5 1981.249 -0.009375607 0.2148375
6 1964.796 -0.017601968 0.2901179
7 1955.911 -0.022044362 0.3147811
