g00
      Mean        RBias        RMSE
1 450.0377 8.366721e-05 0.007721030
2 450.0416 9.254871e-05 0.007722752
3 450.0883 1.962441e-04 0.008577484
4 450.0394 8.751803e-05 0.007723911
5 450.0894 1.986198e-04 0.008587184
6 450.0416 9.248085e-05 0.007722822
7 450.0883 1.963021e-04 0.008577648
g01
      Mean         RBias       RMSE
1 9.994979 -0.0005021071 0.07083676
2 9.994245 -0.0005755100 0.07084093
3 9.987979 -0.0012021207 0.07730823
4 9.994834 -0.0005165546 0.07088681
5 9.988006 -0.0011994389 0.07739498
6 9.994257 -0.0005743173 0.07084234
7 9.987981 -0.0012018830 0.07730998
g10
      Mean        RBias      RMSE
1 30.16247 0.0054155295 0.2062363
2 30.15130 0.0050433237 0.2065330
3 30.00700 0.0002331924 0.2281463
4 30.15549 0.0051828507 0.2063650
5 30.00708 0.0002359467 0.2279663
6 30.15155 0.0050517685 0.2065306
7 30.00721 0.0002403385 0.2281457
g11
      Mean         RBias      RMSE
1 4.974225 -5.155094e-03 0.2443974
2 4.975478 -4.904474e-03 0.2448049
3 5.000372  7.432712e-05 0.2718672
4 4.975764 -4.847174e-03 0.2449361
5 5.001093  2.185489e-04 0.2722442
6 4.975449 -4.910150e-03 0.2448058
7 5.000347  6.936721e-05 0.2718765
sigma2
      Mean         RBias       RMSE
1 1998.631 -6.846143e-04 0.02847943
2 2000.621  3.105951e-04 0.02926418
3 1999.861 -6.967337e-05 0.03206539
4 2000.182  9.076853e-05 0.02857161
5 1999.024 -4.881531e-04 0.03127622
6 2000.602  3.010995e-04 0.02922747
7 1999.831 -8.474207e-05 0.03202393
tau00
      Mean        RBias      RMSE
1 101.3340 1.333988e-02 0.2901375
2 100.0088 8.847821e-05 0.2972430
3 100.1642 1.642168e-03 0.3177805
4 100.6380 6.379947e-03 0.2942770
5 101.1687 1.168713e-02 0.3289710
6 100.0221 2.210527e-04 0.2968256
7 100.1807 1.806650e-03 0.3174682
tau01
      Mean       RBias      RMSE
1 42.97117 -0.14057657 0.6613947
2 45.47312 -0.09053762 0.7396681
3 46.24683 -0.07506338 0.7781244
4 46.48579 -0.07028425 0.7094869
5 47.81197 -0.04376057 0.7781189
6 45.48899 -0.09022026 0.7367202
7 46.26869 -0.07462620 0.7754613
tau11
      Mean      RBias      RMSE
1 112.9451 0.12945097 0.7697334
2 107.7987 0.07798687 0.8593732
3 105.4597 0.05459695 0.8779954
4 107.2515 0.07251549 0.8164649
5 106.0421 0.06042130 0.8551530
6 107.7426 0.07742604 0.8562637
7 105.4372 0.05437181 0.8751277
