g00
      Mean         RBias        RMSE
1 449.9427 -0.0001272565 0.007981921
2 449.9359 -0.0001424505 0.007981261
3 449.9348 -0.0001449265 0.008788316
4 449.9453 -0.0001214623 0.007983058
5 449.9466 -0.0001185659 0.008804006
6 449.9361 -0.0001420070 0.007981226
7 449.9350 -0.0001443888 0.008788518
g01
      Mean        RBias       RMSE
1 10.01367 0.0013673131 0.07374670
2 10.01376 0.0013756531 0.07374136
3 10.00772 0.0007721508 0.08103189
4 10.01371 0.0013713649 0.07377043
5 10.00796 0.0007956814 0.08119654
6 10.01376 0.0013758778 0.07374117
7 10.00773 0.0007730557 0.08103426
g10
      Mean        RBias      RMSE
1 29.89073 -0.003642419 0.2030486
2 29.85492 -0.004835961 0.2031824
3 29.78521 -0.007159801 0.2210018
4 29.90929 -0.003023753 0.2035946
5 29.84468 -0.005177364 0.2214293
6 29.85611 -0.004796441 0.2031972
7 29.78646 -0.007118046 0.2210145
g11
      Mean       RBias      RMSE
1 5.036514 0.007302735 0.2508413
2 5.037551 0.007510263 0.2508204
3 5.055366 0.011073257 0.2752090
4 5.037894 0.007578701 0.2517379
5 5.055448 0.011089664 0.2759994
6 5.037554 0.007510736 0.2508500
7 5.055356 0.011071214 0.2752336
sigma2
      Mean         RBias       RMSE
1 1999.691 -0.0001545233 0.05747310
2 2002.250  0.0011250143 0.05840882
3 1998.346 -0.0008271933 0.06335120
4 2001.786  0.0008930606 0.05771749
5 1998.191 -0.0009043390 0.06250631
6 2002.228  0.0011142061 0.05836344
7 1998.333 -0.0008333442 0.06329425
tau00
      Mean       RBias      RMSE
1 102.4183 0.024182591 0.4644158
2 100.7489 0.007488834 0.4871023
3 100.9431 0.009430753 0.5201226
4 101.4462 0.014461566 0.4687666
5 101.6518 0.016518119 0.5069247
6 100.7699 0.007699311 0.4861554
7 100.9659 0.009659075 0.5190390
tau01
      Mean        RBias      RMSE
1 45.19746 -0.096050819 0.8486314
2 49.27905 -0.014419073 0.9847528
3 49.03311 -0.019337706 1.0449408
4 49.87566 -0.002486839 0.8803035
5 49.92169 -0.001566217 0.9517055
6 49.30157 -0.013968542 0.9778702
7 49.06761 -0.018647742 1.0375369
tau11
      Mean      RBias      RMSE
1 109.7099 0.09709942 0.8723764
2 103.9299 0.03929937 1.0232329
3 108.3078 0.08307849 1.1637202
4 102.7216 0.02721552 0.9158614
5 104.7483 0.04748267 1.0169601
6 103.8048 0.03804818 1.0157827
7 108.0863 0.08086264 1.1546326
