g00
      Mean        RBias       RMSE
1 449.0085 -0.002203375 0.03604389
2 448.9094 -0.002423516 0.03859710
3 448.7068 -0.002873769 0.03932281
4 449.0066 -0.002207515 0.03603816
5 448.7543 -0.002768301 0.03921924
6 449.2665 -0.001630085 0.04624271
7 448.8240 -0.002613227 0.03965813
g01
      Mean      RBias      RMSE
1 10.20667 0.02066742 0.3281683
2 10.20566 0.02056576 0.3328446
3 10.23572 0.02357154 0.3578242
4 10.20738 0.02073755 0.3280283
5 10.22862 0.02286244 0.3571525
6 10.16043 0.01604345 0.3913427
7 10.19334 0.01933393 0.3642187
g10
      Mean       RBias      RMSE
1 28.59214 -0.04692879 0.6306893
2 27.58377 -0.08054090 0.8149392
3 28.87743 -0.03741904 0.6986333
4 28.61385 -0.04620500 0.6309287
5 28.70107 -0.04329759 0.6705925
6 28.03891 -0.06536983 1.3481935
7 27.84768 -0.07174405 0.7446142
g11
      Mean      RBias      RMSE
1 5.237279 0.04745577 0.7885552
2 5.404033 0.08080658 0.8963686
3 5.071630 0.01432607 0.9920314
4 5.233417 0.04668339 0.7896513
5 5.189896 0.03797929 0.8482319
6 5.435301 0.08706029 1.6439488
7 5.431632 0.08632641 1.0302841
sigma2
      Mean         RBias       RMSE
1 1997.989 -0.0010055060 0.05808924
2 2001.083  0.0005414233 0.06829535
3 2000.944  0.0004718220 0.07449487
4 1998.573 -0.0007132659 0.05821556
5 1998.553 -0.0007236296 0.06434794
6 2000.991  0.0004956653 0.06777103
7 2000.845  0.0004225061 0.07396938
tau00
      Mean         RBias      RMSE
1 813.8200  0.0172750485 0.3727538
2 806.6663  0.0083328675 0.3829066
3 796.1549 -0.0048063757 0.4118515
4 813.6810  0.0171013059 0.3715333
5 800.7486  0.0009357004 0.3897060
6 806.7978  0.0084972623 0.3824678
7 796.2734 -0.0046582810 0.4112589
tau01
      Mean        RBias      RMSE
1 392.8228 -0.017943048 0.7100028
2 396.4083 -0.008979195 0.8276636
3 388.1521 -0.029619810 0.8405063
4 392.4061 -0.018984721 0.7268793
5 389.9441 -0.025139747 0.7636150
6 396.3440 -0.009139972 0.8236875
7 388.1647 -0.029588202 0.8368952
tau11
      Mean       RBias      RMSE
1 781.8203 -0.02272461 0.5213560
2 778.7881 -0.02651483 0.6304731
3 764.6771 -0.04415363 0.6651349
4 775.5632 -0.03054599 0.5293881
5 765.6949 -0.04288138 0.5779623
6 778.7150 -0.02660628 0.6268443
7 764.5925 -0.04425933 0.6615954
