g00
      Mean         RBias       RMSE
1 449.8510 -0.0003310481 0.05235011
2 451.5417  0.0034260863 0.10262655
3 449.1728 -0.0018382932 0.05861401
4 449.8470 -0.0003399424 0.05234773
5 449.5224 -0.0010612297 0.05683976
6 450.1261  0.0002801529 0.05526141
7 449.4608 -0.0011983132 0.05688275
g01
       Mean         RBias      RMSE
1 10.021608  0.0021607911 0.4615083
2  9.722052 -0.0277948216 0.8152325
3 10.117137  0.0117137046 0.5132918
4 10.022315  0.0022314760 0.4615500
5 10.076519  0.0076519463 0.5021593
6  9.996196 -0.0003803515 0.4736484
7 10.099369  0.0099368541 0.5029692
g10
      Mean        RBias      RMSE
1 29.04635 -0.031788470 0.8685964
2 24.04792 -0.198402810 3.7025073
3 30.91000  0.030333185 1.6406671
4 29.04686 -0.031771454 0.8688714
5 29.97654 -0.000782109 0.9478084
6 28.33861 -0.055379654 1.0556114
7 30.47476  0.015825228 0.9906366
g11
      Mean        RBias     RMSE
1 5.255015  0.051002925 1.054652
2 6.010147  0.202029345 3.245610
3 4.871187 -0.025762583 2.721481
4 5.254969  0.050993745 1.055683
5 5.039625  0.007925047 1.152776
6 5.312275  0.062455051 1.247584
7 4.960170 -0.007965921 1.250608
sigma2
      Mean        RBias       RMSE
1 2001.695 0.0008475078 0.05946131
2 2007.577 0.0037886432 0.09693886
3 2009.058 0.0045290270 0.10317185
4 2002.119 0.0010596132 0.05995036
5 2002.163 0.0010815359 0.06784281
6 2007.311 0.0036556430 0.09577443
7 2008.783 0.0043916797 0.10202386
tau00
      Mean       RBias      RMSE
1 2019.621 0.009810422 0.3552629
2 2018.781 0.009390324 0.3630452
3 2013.662 0.006830897 0.3904642
4 2019.443 0.009721539 0.3531722
5 2018.354 0.009177155 0.3809963
6 2018.805 0.009402562 0.3627307
7 2013.719 0.006859443 0.3900832
tau01
       Mean        RBias      RMSE
1 1002.3611  0.002361136 0.5778282
2  990.4200 -0.009580025 0.7323574
3  994.6472 -0.005352793 0.7883843
4 1005.4864  0.005486441 0.5871379
5 1009.4260  0.009426047 0.6589231
6  990.8083 -0.009191707 0.7296432
7  995.0034 -0.004996567 0.7857705
tau11
      Mean         RBias      RMSE
1 1986.543 -6.728521e-03 0.4195069
2 1958.306 -2.084719e-02 0.5849626
3 1977.719 -1.114060e-02 0.6051254
4 1981.925 -9.037705e-03 0.4244772
5 2000.187  9.330035e-05 0.4507785
6 1958.916 -2.054195e-02 0.5818759
7 1978.271 -1.086435e-02 0.6022293
