g00
      Mean         RBias       RMSE
1 449.8514 -0.0003301147 0.02633705
2 449.9006 -0.0002207946 0.02632688
3 449.7332 -0.0005929267 0.02879815
4 449.8518 -0.0003293427 0.02633778
5 449.7611 -0.0005309786 0.02882760
6 449.8924 -0.0002390614 0.02630157
7 449.7550 -0.0005444658 0.02902074
g01
      Mean       RBias      RMSE
1 10.08990 0.008989892 0.2377022
2 10.09136 0.009135912 0.2381688
3 10.13124 0.013124424 0.2590035
4 10.09017 0.009016989 0.2377105
5 10.12857 0.012856630 0.2595742
6 10.08283 0.008282968 0.2375209
7 10.12836 0.012836442 0.2617795
g10
      Mean        RBias      RMSE
1 29.90866 -0.003044516 0.4815682
2 29.64181 -0.011939795 0.5045492
3 29.45101 -0.018299783 0.5515184
4 29.90754 -0.003081963 0.4814129
5 29.22098 -0.025967490 0.5221678
6 29.66901 -0.011033111 0.5043914
7 29.03070 -0.032310139 0.5779311
g11
      Mean      RBias      RMSE
1 5.143253 0.02865067 0.5704314
2 5.197435 0.03948707 0.5926461
3 5.279032 0.05580631 0.6367901
4 5.143221 0.02864424 0.5702674
5 5.306217 0.06124339 0.6198644
6 5.195233 0.03904655 0.5967030
7 5.345007 0.06900130 0.6761017
sigma2
      Mean         RBias       RMSE
1 1997.519 -0.0012406958 0.04193845
2 2000.362  0.0001811749 0.05183115
3 1999.244 -0.0003778561 0.05736447
4 1997.596 -0.0012018227 0.04213044
5 1997.631 -0.0011846530 0.04620509
6 2000.233  0.0001163617 0.05125504
7 1999.143 -0.0004285966 0.05672258
tau00
      Mean       RBias      RMSE
1 809.4361 0.011795094 0.2851267
2 806.2771 0.007846342 0.3111207
3 805.7341 0.007167569 0.3412575
4 809.2433 0.011554093 0.2857756
5 809.4185 0.011773145 0.3078763
6 806.3346 0.007918269 0.3104812
7 805.7991 0.007248848 0.3404127
tau01
      Mean      RBias      RMSE
1 415.1988 0.03799697 0.4858195
2 413.5365 0.03384118 0.5912897
3 412.3667 0.03091682 0.6340933
4 415.4974 0.03874340 0.4897759
5 411.8230 0.02955750 0.5397049
6 413.6160 0.03403998 0.5877816
7 412.4229 0.03105726 0.6305531
tau11
      Mean      RBias      RMSE
1 821.7824 0.02722794 0.3925277
2 815.1319 0.01891483 0.5246430
3 818.4367 0.02304586 0.5449538
4 821.1400 0.02642494 0.4008824
5 816.2394 0.02029921 0.4183362
6 815.3829 0.01922861 0.5202946
7 818.5553 0.02319406 0.5401041
