g00
      Mean       RBias       RMSE
1 450.4563 0.001014056 0.01275349
2 450.4660 0.001035554 0.01274433
3 450.6085 0.001352238 0.01383857
4 450.4550 0.001011070 0.01273625
5 450.5926 0.001316853 0.01383581
6 450.4661 0.001035763 0.01274427
7 450.6083 0.001351668 0.01383827
g01
      Mean       RBias      RMSE
1 9.889729 -0.01102710 0.1150040
2 9.887947 -0.01120526 0.1148344
3 9.872016 -0.01279838 0.1228024
4 9.889905 -0.01100952 0.1148047
5 9.875122 -0.01248784 0.1228320
6 9.887869 -0.01121312 0.1148375
7 9.872040 -0.01279599 0.1228028
g10
      Mean       RBias      RMSE
1 29.54856 -0.01504816 0.2972298
2 29.55395 -0.01486846 0.2983406
3 29.41886 -0.01937138 0.3341152
4 29.57435 -0.01418819 0.2981373
5 29.44864 -0.01837873 0.3340538
6 29.55142 -0.01495255 0.2983225
7 29.41813 -0.01939573 0.3341238
g11
      Mean       RBias      RMSE
1 5.048935 0.009786936 0.3480639
2 5.044587 0.008917490 0.3510043
3 5.089722 0.017944498 0.3896319
4 5.039758 0.007951560 0.3505002
5 5.083829 0.016765753 0.3895105
6 5.045392 0.009078360 0.3508220
7 5.090064 0.018012781 0.3896003
sigma2
      Mean         RBias       RMSE
1 1996.113 -0.0019435425 0.04537381
2 2000.264  0.0001318499 0.04551186
3 1998.923 -0.0005384831 0.04829167
4 2000.315  0.0001575533 0.04552370
5 1999.238 -0.0003812091 0.04807638
6 2000.268  0.0001341803 0.04549389
7 1998.930 -0.0005352263 0.04826709
tau00
       Mean        RBias      RMSE
1 102.50038  0.025003765 0.4205523
2 100.72615  0.007261529 0.4414125
3 102.76613  0.027661263 0.4695141
4  99.80874 -0.001912580 0.4268986
5 101.64115  0.016411540 0.4689938
6 100.71164  0.007116424 0.4405256
7 102.75045  0.027504506 0.4686621
tau01
      Mean       RBias      RMSE
1 46.25255 -0.07494900 0.9907428
2 54.91605  0.09832102 1.1872445
3 51.57697  0.03153942 1.3032222
4 54.30634  0.08612677 1.0979700
5 51.30373  0.02607458 1.1935214
6 54.88791  0.09775811 1.1815876
7 51.55739  0.03114786 1.2970617
tau11
      Mean     RBias     RMSE
1 126.3693 0.2636925 1.127682
2 111.2926 0.1129257 1.213648
3 118.3081 0.1830808 1.343101
4 114.7594 0.1475942 1.191421
5 120.6283 0.2062833 1.339168
6 111.2628 0.1126282 1.210655
7 118.2216 0.1822160 1.340822
