g00
      Mean         RBias       RMSE
1 450.0050  1.101763e-05 0.01264069
2 450.0082  1.815869e-05 0.01265676
3 450.1543  3.429215e-04 0.01357277
4 449.9999 -1.617533e-07 0.01263775
5 450.1347  2.992244e-04 0.01352825
6 450.0075  1.664038e-05 0.01265504
7 450.1504  3.341809e-04 0.01356031
g01
      Mean        RBias      RMSE
1 9.988958 -0.001104177 0.1169298
2 9.987977 -0.001202285 0.1169822
3 9.965087 -0.003491275 0.1228268
4 9.989400 -0.001060008 0.1168778
5 9.968696 -0.003130371 0.1224772
6 9.988130 -0.001187039 0.1169711
7 9.965700 -0.003429958 0.1227527
g10
      Mean       RBias      RMSE
1 29.33529 -0.02215690 0.3155989
2 29.33884 -0.02203871 0.3162903
3 29.39282 -0.02023941 0.3489372
4 29.35046 -0.02165148 0.3179746
5 29.29639 -0.02345353 0.3490021
6 29.33896 -0.02203459 0.3162437
7 29.39956 -0.02001475 0.3487308
g11
      Mean      RBias      RMSE
1 5.121304 0.02426074 0.3775637
2 5.124782 0.02495635 0.3779704
3 5.103516 0.02070319 0.4124730
4 5.117684 0.02353678 0.3817731
5 5.133773 0.02675465 0.4255869
6 5.124496 0.02489929 0.3779343
7 5.102380 0.02047609 0.4122995
sigma2
      Mean         RBias       RMSE
1 1994.226 -0.0028869129 0.04529801
2 1997.437 -0.0012817021 0.04603681
3 1994.360 -0.0028200326 0.05030229
4 1998.287 -0.0008565043 0.04547695
5 1995.331 -0.0023344661 0.04969812
6 1997.489 -0.0012555368 0.04599912
7 1994.413 -0.0027935702 0.05026110
tau00
      Mean      RBias      RMSE
1 105.0964 0.05096381 0.4740792
2 103.3877 0.03387663 0.4973762
3 104.4246 0.04424610 0.5565473
4 102.8088 0.02808753 0.4863167
5 103.7780 0.03778007 0.5358992
6 103.3704 0.03370389 0.4965957
7 104.4087 0.04408680 0.5554759
tau01
      Mean       RBias     RMSE
1 41.27057 -0.17458859 1.027547
2 49.48104 -0.01037926 1.208506
3 49.32565 -0.01348691 1.284326
4 49.16494 -0.01670118 1.134309
5 49.31596 -0.01368072 1.244163
6 49.43657 -0.01126866 1.203326
7 49.28908 -0.01421833 1.279188
tau11
      Mean      RBias     RMSE
1 118.0248 0.18024764 1.075213
2 109.3864 0.09386393 1.184197
3 109.7467 0.09746667 1.220183
4 107.1565 0.07156509 1.134259
5 108.3276 0.08327561 1.183671
6 109.2087 0.09208702 1.179725
7 109.5600 0.09560049 1.215885
