g00
      Mean        RBias       RMSE
1 450.3687 0.0008192343 0.01761422
2 450.3672 0.0008160870 0.01761442
3 450.4439 0.0009864471 0.01898361
4 450.3680 0.0008177656 0.01761376
5 450.4434 0.0009854098 0.01898036
6 450.3672 0.0008160733 0.01761450
7 450.4439 0.0009863736 0.01898355
g01
      Mean        RBias      RMSE
1 9.961364 -0.003863568 0.1613312
2 9.961784 -0.003821602 0.1613376
3 9.940036 -0.005996388 0.1738416
4 9.961554 -0.003844605 0.1613266
5 9.940007 -0.005999255 0.1738350
6 9.961780 -0.003822040 0.1613382
7 9.940036 -0.005996405 0.1738416
g10
      Mean        RBias      RMSE
1 29.62253 -0.012582460 0.3292721
2 29.62582 -0.012472706 0.3292578
3 29.84651 -0.005116247 0.3585147
4 29.61903 -0.012698911 0.3292087
5 29.84261 -0.005246179 0.3582723
6 29.62577 -0.012474397 0.3292531
7 29.84645 -0.005118425 0.3585066
g11
      Mean        RBias      RMSE
1 5.044166 0.0088332431 0.3932867
2 5.044481 0.0088961738 0.3936230
3 5.002514 0.0005028664 0.4327504
4 5.044404 0.0088807500 0.3930811
5 5.001677 0.0003354311 0.4327532
6 5.044499 0.0088998471 0.3936091
7 5.002522 0.0005044899 0.4327540
sigma2
      Mean         RBias       RMSE
1 1999.101 -0.0004495337 0.02731814
2 1998.493 -0.0007535281 0.03444428
3 1998.007 -0.0009966155 0.03731072
4 1998.988 -0.0005059642 0.02742952
5 1999.106 -0.0004468553 0.02950748
6 1998.520 -0.0007398712 0.03403687
7 1998.047 -0.0009763932 0.03687229
tau00
      Mean    RBias     RMSE
1 800.3272 7.003272 7.142375
2 797.3537 6.973537 7.136360
3 798.8925 6.988925 7.186073
4 799.8024 6.998024 7.138918
5 798.7423 6.987423 7.162745
6 797.4014 6.974014 7.136224
7 798.9131 6.989131 7.185564
tau01
      Mean    RBias     RMSE
1 398.7601 6.975203 7.448421
2 407.6647 7.153293 7.834247
3 402.2437 7.044874 7.832077
4 397.2034 6.944069 7.438175
5 392.6435 6.852869 7.451396
6 407.5026 7.150052 7.823430
7 402.0899 7.041798 7.820594
tau11
      Mean    RBias     RMSE
1 810.5938 7.105938 7.360838
2 815.3608 7.153608 7.620229
3 816.6136 7.166136 7.684480
4 810.5870 7.105870 7.372107
5 816.1072 7.161072 7.470426
6 815.3161 7.153161 7.610679
7 816.6194 7.166194 7.674812
